YEAR	Month	Flux	Sunspot
1947	2	202.75	188.9
1947	3	226.29	183.8
1947	4	264.15	212.1
1947	5	261.17	285
1947	6	217.54	232.1
1947	7	207.23	223.5
1947	8	231.21	267.4
1947	9	192.03	239.9
1947	10	209.05	231.7
1947	11	179.83	181.3
1947	12	176.43	164.9
1948	1	149.91	153.6
1948	2	134.27	122
1948	3	135.54	134.3
1948	4	208.15	268.5
1948	5	226.46	246.4
1948	6	195.54	237.5
1948	7	182.76	201.4
1948	8	172.83	223.7
1948	9	163.73	202.9
1948	10	159.15	192.9
1948	11	165.41	135.6
1948	12	193.33	195.3
1949	1	176.73	168.6
1949	2	220.25	258
1949	3	203.91	223
1949	4	182.54	208.1
1949	5	148.92	150.4
1949	6	157.54	172.4
1949	7	159.87	178.3
1949	8	175.16	175.3
1949	9	172.49	205.8
1949	10	178.19	186.3
1949	11	180.38	203.2
1949	12	165.2	166.6
1950	1	150.74	143.9
1950	2	143.3	134.3
1950	3	137.83	155.4
1950	4	164.29	160.6
1950	5	157.09	150.5
1950	6	128.72	118.3
1950	7	127.05	128.9
1950	8	120.88	120.6
1950	9	98.51	72.7
1950	10	95.35	87
1950	11	101.9	77.7
1950	12	101.11	76.7
1951	1	103.23	85
1951	2	101.84	84.8
1951	3	102.47	79.3
1951	4	121.53	131.7
1951	5	168.56	153.7
1951	6	161.75	142.4
1951	7	116.35	87.2
1951	8	109.78	86.5
1951	9	117.78	117.7
1951	10	106.02	73.3
1951	11	104.35	74.2
1951	12	98.3	65
1952	1	91.24	57.9
1952	2	86.17	32.4
1952	3	74.95	31.5
1952	4	83.91	41.7
1952	5	80.82	33.6
1952	6	82	52
1952	7	88.81	56.1
1952	8	93.21	77.8
1952	9	78.44	40.4
1952	10	82.76	34.2
1952	11	83.35	31.8
1952	12	85.66	48.9
1953	1	79.52	37.9
1953	2	69.32	5.9
1953	3	66.86	14.7
1953	4	80.91	39.6
1953	5	72.45	18.3
1953	6	72.97	31.5
1953	7	69.83	12.7
1953	8	72.53	33.6
1953	9	74.28	28
1953	10	71.89	12.3
1953	11	68.73	2.5
1953	12	70.72	3.9
1954	1	65.68	0.4
1954	2	69.11	0.8
1954	3	71.85	15.8
1954	4	68.67	2.7
1954	5	65.36	1.2
1954	6	67.3	0.4
1954	7	67.74	7.3
1954	8	69.83	12.6
1954	9	70.1	2.3
1954	10	73.12	10.5
1954	11	72.55	13.4
1954	12	75.43	11.3
1955	1	81.23	33.4
1955	2	81.96	29.9
1955	3	71.77	7.3
1955	4	77.25	16.4
1955	5	82.74	41.3
1955	6	88.83	45.2
1955	7	87.29	38.2
1955	8	90.63	58
1955	9	95.05	60.8
1955	10	111.81	83
1955	11	130.01	126.3
1955	12	134.56	108.8
1956	1	136.61	104.1
1956	2	167.23	175.6
1956	3	160.6	167.7
1956	4	159.8	156.7
1956	5	163.38	193.4
1956	6	154	165.1
1956	7	157.21	182.7
1956	8	193.78	240.2
1956	9	200.91	245.4
1956	10	201.62	219.9
1956	11	250.36	285
1956	12	253.68	272
1957	1	223.76	233.7
1957	2	186.73	184.5
1957	3	197.76	222.8
1957	4	199.95	248
1957	5	208.53	233
1957	6	252.13	284.3
1957	7	218	265.1
1957	8	202.33	223.7
1957	9	267.12	334
1957	10	283.11	359.4
1957	11	259.22	298.6
1957	12	286.49	339
1958	1	251.51	286.7
1958	2	212.24	233.6
1958	3	251.55	270
1958	4	245.87	277.6
1958	5	218.6	248.2
1958	6	220.47	242.9
1958	7	224.06	271
1958	8	236.95	283.5
1958	9	243.55	285.1
1958	10	227.97	256.9
1958	11	209.22	215.6
1958	12	238.21	265.7
1959	1	274.47	307.7
1959	2	207.89	202.6
1959	3	229.15	263
1959	4	210.57	231.3
1959	5	212.75	243.6
1959	6	217.47	238.9
1959	7	203	211.9
1959	8	234.19	282.6
1959	9	194.33	205.6
1959	10	165.1	157.7
1959	11	184.84	175.6
1959	12	182.2	177.1
1960	1	196.03	207.2
1960	2	170.86	149.9
1960	3	146.77	144.6
1960	4	167.59	172.7
1960	5	162.7	169.3
1960	6	161.87	156
1960	7	163.94	172.4
1960	8	174.4	190
1960	9	164.49	180.1
1960	10	142.31	117.3
1960	11	148.9	126.9
1960	12	138.07	121.2
1961	1	121.95	82.1
1961	2	106.37	65.4
1961	3	104.77	75.2
1961	4	104.99	86.9
1961	5	99.33	72.3
1961	6	109.93	109.5
1961	7	116.45	99.3
1961	8	106.23	79.2
1961	9	112.72	90.1
1961	10	96.65	53.7
1961	11	90.28	46.5
1961	12	94.78	56.9
1962	1	91.73	55.1
1962	2	102.17	71.7
1962	3	100.31	64.9
1962	4	96.14	65.9
1962	5	97.83	61.9
1962	6	90.97	59.6
1962	7	77.88	31.4
1962	8	77.28	31.5
1962	9	89.45	72.7
1962	10	87.75	56.1
1962	11	84.81	38.8
1962	12	81.94	33.2
1963	1	76.84	28.7
1963	2	79.67	35.2
1963	3	77.82	24.8
1963	4	79.38	41.7
1963	5	87.72	61.1
1963	6	83.51	51.2
1963	7	75.93	28.7
1963	8	80.87	47.5
1963	9	85.09	55.2
1963	10	85.05	50.1
1963	11	81.62	33.7
1963	12	78.39	21.6
1964	1	72.95	22.6
1964	2	76.75	25.3
1964	3	75.82	24.1
1964	4	72.57	12.9
1964	5	69.45	14.3
1964	6	69.04	13.5
1964	7	67.03	4.8
1964	8	69.29	13.8
1964	9	70.14	7
1964	10	73.32	9.2
1964	11	73.69	11.1
1964	12	78.78	22.1
1965	1	78.55	25.4
1965	2	75.16	20.8
1965	3	74.08	17.5
1965	4	71.98	10.2
1965	5	78.15	34.5
1965	6	76.97	23.3
1965	7	74.35	17.3
1965	8	74.7	13.3
1965	9	76.52	24.5
1965	10	80.14	29.1
1965	11	77.64	22.8
1965	12	77.73	24.7
1966	1	87.87	40.3
1966	2	84.21	35.3
1966	3	90.28	36.4
1966	4	97.16	69
1966	5	98.53	64.2
1966	6	96.3	67.7
1966	7	106.67	80.2
1966	8	106.6	72.6
1966	9	110.88	71.1
1966	10	108.58	81.2
1966	11	113.31	81
1966	12	124.57	99.8
1967	1	147.74	157
1967	2	147.02	132.6
1967	3	160.59	158.3
1967	4	129.88	98.4
1967	5	142.96	122.5
1967	6	120.23	95.4
1967	7	140.33	129.5
1967	8	153.74	151.8
1967	9	132.08	108.7
1967	10	136.06	125
1967	11	145.3	133.6
1967	12	163.04	179
1968	1	189.12	172.5
1968	2	173.18	158.5
1968	3	142.63	130.5
1968	4	129.48	115
1968	5	154.88	180
1968	6	142.28	156.2
1968	7	137.16	136.2
1968	8	142.17	154.8
1968	9	140.95	166
1968	10	152.48	152.5
1968	11	138.54	121.7
1968	12	148.44	155.5
1969	1	152.65	147.8
1969	2	155.21	170.5
1969	3	172.25	192.3
1969	4	155.5	151.1
1969	5	145.43	169.9
1969	6	162.15	150.1
1969	7	136.61	137.1
1969	8	143.02	138.8
1969	9	137.31	129.3
1969	10	154.02	135.4
1969	11	156.69	132.4
1969	12	143.64	138.6
1970	1	158.27	157.9
1970	2	175.44	180.8
1970	3	158.36	145.7
1970	4	161.99	155.1
1970	5	168.38	180.5
1970	6	154.93	151.3
1970	7	151.99	159.3
1970	8	138.21	131.7
1970	9	143.24	140.8
1970	10	148.31	122.6
1970	11	162.03	134.8
1970	12	152.75	118.2
1971	1	162.58	129.2
1971	2	137.79	111.8
1971	3	111.93	85.9
1971	4	116.67	101.6
1971	5	109.91	81.5
1971	6	101.65	70.7
1971	7	117.35	114.7
1971	8	114.07	87
1971	9	104.04	71.3
1971	10	107.17	73.4
1971	11	114.02	89.5
1971	12	124.54	116.5
1972	1	114.78	87
1972	2	141.79	125.3
1972	3	128.48	113.5
1972	4	112.89	89.6
1972	5	129.59	113.9
1972	6	135.43	124.7
1972	7	122	108.3
1972	8	125.73	108.9
1972	9	113.65	90.7
1972	10	121.1	86.9
1972	11	101.64	59.2
1972	12	102.9	64.3
1973	1	102.21	61.8
1973	2	98.67	60.9
1973	3	100.39	65.4
1973	4	105.03	81.8
1973	5	96.98	60.3
1973	6	91.24	56.1
1973	7	84.47	33.2
1973	8	82.88	36.6
1973	9	105.64	84.1
1973	10	87.73	43.7
1973	11	81.52	34.3
1973	12	84.17	33.3
1974	1	83.1	39.4
1974	2	80.85	37.3
1974	3	79.22	30.9
1974	4	86.08	57.5
1974	5	90.6	56.3
1974	6	86.26	51.5
1974	7	92.48	79.1
1974	8	82.99	47.9
1974	9	87.77	57.2
1974	10	97.63	67.2
1974	11	90.29	35.9
1974	12	81.12	29.6
1975	1	77.48	27.3
1975	2	74.19	16.7
1975	3	72.38	16.9
1975	4	70.74	7.7
1975	5	70.07	13.1
1975	6	69.7	16.7
1975	7	77.18	40.4
1975	8	90.39	56.7
1975	9	79.55	20.3
1975	10	75.74	13.6
1975	11	80.84	27.9
1975	12	74.6	11.6
1976	1	74.75	11.9
1976	2	70.55	6.4
1976	3	76.66	31.5
1976	4	76.28	27.3
1976	5	70.64	18.2
1976	6	70.57	17.9
1976	7	67.55	2.9
1976	8	74.76	24.1
1976	9	73.08	20
1976	10	75.92	29.7
1976	11	72.88	7.9
1976	12	76.72	22.3
1977	1	77.42	23.8
1977	2	82.29	33.3
1977	3	76.55	13
1977	4	77.62	19
1977	5	79.65	27
1977	6	91.54	54.9
1977	7	81.05	30.6
1977	8	84.26	43
1977	9	100.2	62.4
1977	10	96.92	62.1
1977	11	93.7	41.6
1977	12	102.08	61.4
1978	1	109.57	73.7
1978	2	145.44	132.6
1978	3	141.78	108.4
1978	4	149.37	141.2
1978	5	146.49	117.1
1978	6	142.2	134.6
1978	7	131.09	99.7
1978	8	114.05	82.4
1978	9	157.9	195.7
1978	10	158.19	177.1
1978	11	151.53	138.5
1978	12	175.49	173.9
1979	1	202.99	235.9
1979	2	204.12	194.7
1979	3	185.82	195.3
1979	4	173.75	143.7
1979	5	165.2	190.3
1979	6	180.31	211.7
1979	7	165.95	225.7
1979	8	172.72	201.4
1979	9	200.24	266.9
1979	10	217.87	263.6
1979	11	231.75	259.5
1979	12	203.53	249.6
1980	1	206.16	226.1
1980	2	199.99	219.4
1980	3	168.08	178.7
1980	4	207.9	232.2
1980	5	224.03	254.7
1980	6	193.16	222.7
1980	7	184.79	192.9
1980	8	166.22	191.7
1980	9	183.86	219.6
1980	10	204.23	233.3
1980	11	218.09	209.5
1980	12	227.44	246.9
1981	1	174.56	156.6
1981	2	204.52	189.9
1981	3	205.29	196.6
1981	4	223.21	225.3
1981	5	194.63	194.7
1981	6	156.86	131.6
1981	7	191.95	205.3
1981	8	220.59	242.5
1981	9	219.5	245.3
1981	10	224.3	216.2
1981	11	207.8	186
1981	12	207.77	195.4
1982	1	179.04	149.8
1982	2	214.24	230.9
1982	3	210.47	221.1
1982	4	161.82	170.3
1982	5	144.65	119.3
1982	6	171.91	163.7
1982	7	159.57	139.4
1982	8	167.87	161.9
1982	9	165.29	167.4
1982	10	161.93	134.3
1982	11	167.38	127.5
1982	12	199.35	169
1983	1	142.29	115.5
1983	2	122.63	73.1
1983	3	118.55	88.7
1983	4	118.95	109.6
1983	5	137.07	132.5
1983	6	138.64	131.5
1983	7	125.03	108.9
1983	8	124.37	96
1983	9	109.03	69.9
1983	10	112.42	72.5
1983	11	92.45	45.7
1983	12	93.44	45.6
1984	1	116.11	74.8
1984	2	140.56	110.2
1984	3	122.03	116.7
1984	4	128.67	90.4
1984	5	128.27	96.9
1984	6	100.27	65.1
1984	7	89.25	55.7
1984	8	83.67	35
1984	9	78.07	22.6
1984	10	73.55	12.6
1984	11	76.28	26.5
1984	12	75.85	21.4
1985	1	74.46	17.8
1985	2	73.67	20.7
1985	3	73.25	16.9
1985	4	75.14	20.4
1985	5	80.24	32.4
1985	6	76.08	28.3
1985	7	78.71	39.9
1985	8	71.48	10.1
1985	9	69.48	4.3
1985	10	74.68	22
1985	11	74.24	17.9
1985	12	74.77	15.8
1986	1	73.25	2.8
1986	2	83.58	27.9
1986	3	77.02	13.8
1986	4	75.06	22.4
1986	5	72.61	16.1
1986	6	67.59	0.6
1986	7	70.21	18.1
1986	8	68.37	9.9
1986	9	68.71	5.1
1986	10	82.95	40.1
1986	11	77.14	15.4
1986	12	72.64	5.8
1987	1	72.51	9.8
1987	2	71.53	3.4
1987	3	74.01	17.4
1987	4	84.94	46
1987	5	87.78	39.1
1987	6	77.94	18.8
1987	7	84.25	38.2
1987	8	89.96	47.9
1987	9	86.08	42.2
1987	10	98.12	63.4
1987	11	101.23	48.8
1987	12	94.4	29.1
1988	1	108.02	70.5
1988	2	104.97	45.4
1988	3	114.92	91.2
1988	4	122.69	108.8
1988	5	115.24	74.2
1988	6	139.38	124.3
1988	7	152.67	131.4
1988	8	154.21	139.4
1988	9	152.54	142.7
1988	10	169.82	156.5
1988	11	156.18	156.8
1988	12	199.79	231.2
1989	1	235.38	210.1
1989	2	222.39	208.7
1989	3	205.07	170.4
1989	4	189.56	166.3
1989	5	190.14	195.4
1989	6	239.58	284.5
1989	7	181.86	180.5
1989	8	217.09	232
1989	9	225.9	225.1
1989	10	208.68	212.2
1989	11	235.13	238.2
1989	12	213	211.4
1990	1	210.06	227.4
1990	2	178.3	171.8
1990	3	188.81	191.7
1990	4	185.26	189.7
1990	5	189.71	175.2
1990	6	170.94	153.3
1990	7	180.71	191.1
1990	8	222.65	252.1
1990	9	177.38	169.1
1990	10	181.98	199.4
1990	11	184.26	178.8
1990	12	204.9	197.1
1991	1	229.36	195.3
1991	2	243.01	240.3
1991	3	229.98	197
1991	4	198.78	197.6
1991	5	190.29	166.9
1991	6	206.82	224.7
1991	7	211.97	240.2
1991	8	210.31	240.8
1991	9	180.6	168.9
1991	10	201.32	197.1
1991	11	171.99	159.5
1991	12	223.94	212.6
1992	1	217.59	198.3
1992	2	232.08	230.7
1992	3	171.29	151
1992	4	158.51	142.2
1992	5	125.37	94.3
1992	6	116.72	98.5
1992	7	132.17	114.2
1992	8	122.06	91.9
1992	9	116.81	94
1992	10	131.68	133.4
1992	11	145.24	129.6
1992	12	139.06	122
1993	1	121.01	81.4
1993	2	142.59	127.8
1993	3	136.42	102.4
1993	4	115.85	94.4
1993	5	112.35	78.8
1993	6	109.33	69.6
1993	7	98.99	80.4
1993	8	93.66	62.5
1993	9	87.03	31.2
1993	10	100.3	71.1
1993	11	95.92	48.2
1993	12	104.8	68.4
1994	1	115	84.9
1994	2	99.56	54.9
1994	3	90.42	47.5
1994	4	79.11	27.4
1994	5	79.9	29.8
1994	6	77.3	39.7
1994	7	80.52	50.6
1994	8	76.12	34.3
1994	9	79.06	40.5
1994	10	87.71	67.1
1994	11	80.89	29.5
1994	12	84.11	32.2
1995	1	82.61	32.6
1995	2	85.52	45.8
1995	3	85	46.3
1995	4	77.63	21.6
1995	5	75.43	19.4
1995	6	75.65	22.5
1995	7	73.85	20.4
1995	8	73.75	18.2
1995	9	71.93	15.7
1995	10	77.9	30.6
1995	11	74.2	14
1995	12	72.56	14.9
1996	1	74.52	13.3
1996	2	71.83	7.7
1996	3	70.67	12.6
1996	4	69.42	6.8
1996	5	70.13	7.6
1996	6	69.86	16.5
1996	7	71.36	11.8
1996	8	72.48	19.7
1996	9	69.45	3
1996	10	69.23	0.7
1996	11	79.06	24.9
1996	12	75.69	14
1997	1	73.59	7.4
1997	2	73.66	11
1997	3	73.26	12.1
1997	4	74.56	23
1997	5	74.74	25.4
1997	6	71.9	20.8
1997	7	71.25	12.9
1997	8	79.09	35.7
1997	9	96.07	59.7
1997	10	85.01	32.8
1997	11	98.97	50.4
1997	12	96.94	55.5
1998	1	92.7	44.5
1998	2	93.24	50.2
1998	3	109.09	82
1998	4	114.26	70.6
1998	5	107.15	74
1998	6	108.56	90.5
1998	7	113.89	96.7
1998	8	139.86	121.1
1998	9	138.02	132
1998	10	117.72	78.5
1998	11	139.93	97.3
1998	12	150.18	119.2
1999	1	141.74	86
1999	2	142.92	98
1999	3	122.05	103.5
1999	4	117.3	93.6
1999	5	148.46	149.6
1999	6	169.97	207.2
1999	7	164.68	173.5
1999	8	169.93	142.3
1999	9	135.78	106.3
1999	10	165.34	168.7
1999	11	191.93	188.3
1999	12	170.38	116.8
2000	1	158.72	133.1
2000	2	172.75	165.7
2000	3	208.82	217.7
2000	4	184.16	191.5
2000	5	191.04	165.9
2000	6	180.34	188
2000	7	205.5	244.3
2000	8	163.56	180.5
2000	9	182.77	156
2000	10	168.21	141.6
2000	11	180.64	158.1
2000	12	173.73	143.3
2001	1	167.5	142.6
2001	2	146.72	121.5
2001	3	178.14	165.8
2001	4	192.46	161.7
2001	5	147.52	142.1
2001	6	174.11	202.9
2001	7	131.72	123
2001	8	166.85	161.5
2001	9	234.08	238.2
2001	10	210.54	194.1
2001	11	214.57	176.6
2001	12	241.16	213.4
2002	1	227.62	184.6
2002	2	205.23	170.2
2002	3	180.7	147.1
2002	4	190.17	186.9
2002	5	179.46	187.5
2002	6	149.38	128.8
2002	7	176.7	161
2002	8	183.61	175.6
2002	9	176.33	187.9
2002	10	167.88	151.2
2002	11	169.37	147.2
2002	12	157.49	135.3
2003	1	143.73	133.5
2003	2	124.61	75.7
2003	3	132.29	100.7
2003	4	126.54	97.9
2003	5	123.26	86.8
2003	6	132.9	118.7
2003	7	128.03	128.3
2003	8	122.17	115.4
2003	9	112.67	78.5
2003	10	156.68	97.8
2003	11	148.88	82.9
2003	12	115.48	72.2
2004	1	113.9	60.6
2004	2	107.01	74.6
2004	3	112.27	74.8
2004	4	101.08	59.2
2004	5	100.02	72.8
2004	6	97.02	66.5
2004	7	120.23	83.8
2004	8	109.73	69.7
2004	9	104.44	48.8
2004	10	105.95	74.2
2004	11	115.83	70.1
2004	12	95.25	28.9
2005	1	102.86	48.1
2005	2	97.3	43.5
2005	3	90.04	39.6
2005	4	85.92	38.7
2005	5	101.65	61.9
2005	6	94.09	56.8
2005	7	100.64	62.4
2005	8	98.24	60.5
2005	9	109.55	37.2
2005	10	76.71	13.2
2005	11	86.38	27.5
2005	12	90.85	59.3
2006	1	83.32	20.9
2006	2	76.52	5.7
2006	3	75.5	17.3
2006	4	89.27	50.3
2006	5	80.83	37.2
2006	6	76.68	24.5
2006	7	75.88	22.2
2006	8	79.59	20.8
2006	9	78.02	23.7
2006	10	74.43	14.9
2006	11	86.43	35.7
2006	12	90.39	22.3
2007	1	83.76	29.3
2007	2	77.65	18.4
2007	3	72.24	7.2
2007	4	72.36	5.4
2007	5	74.36	19.5
2007	6	74.07	21.3
2007	7	71.48	15.1
2007	8	69.03	9.8
2007	9	66.98	4
2007	10	67.69	1.5
2007	11	69.39	2.8
2007	12	78.21	17.3
2008	1	74.02	4.1
2008	2	71.03	2.9
2008	3	72.99	15.5
2008	4	70.15	3.6
2008	5	68.32	4.6
2008	6	65.85	5.2
2008	7	65.67	0.6
2008	8	66.17	0.3
2008	9	67	1.2
2008	10	68.21	4.2
2008	11	68.53	6.6
2008	12	69.05	1
2009	1	69.7	1.3
2009	2	69.85	1.2
2009	3	69.1	0.6
2009	4	69.61	1.2
2009	5	70.35	2.9
2009	6	68.57	6.3
2009	7	68.19	5.5
2009	8	67.36	0
2009	9	70.32	7.1
2009	10	72.14	7.7
2009	11	73.66	6.9
2009	12	76.84	16.3
2010	1	81.31	19.5
2010	2	84.74	28.5
2010	3	82.96	24
2010	4	75.72	10.4
2010	5	73.63	13.9
2010	6	72.38	18.8
2010	7	79.6	25.2
2010	8	79.16	29.6
2010	9	80.95	36.4
2010	10	81.42	33.6
2010	11	82.56	34.4
2010	12	84.19	24.5
2011	1	83.39	27.3
2011	2	94.55	48.3
2011	3	124.26	78.6
2011	4	112.85	76.1
2011	5	95.68	58.2
2011	6	95.86	56.1
2011	7	94.34	64.5
2011	8	101.61	65.8
2011	9	135.27	120.1
2011	10	137.4	125.7
2011	11	153.5	139.1
2011	12	141.46	109.3
2012	1	134.79	94.4
2012	2	106.86	47.8
2012	3	115.71	86.6
2012	4	113.26	85.9
2012	5	121.4	96.5
2012	6	120.4	92
2012	7	137.81	100.1
2012	8	115.86	94.8
2012	9	123.4	93.7
2012	10	123.07	76.5
2012	11	121.15	87.6
2012	12	108.26	56.8
2013	1	126.83	96.1
2013	2	104.41	60.9
2013	3	111.36	78.3
2013	4	124.95	107.3
2013	5	131.43	120.2
2013	6	110.74	76.7
2013	7	115.53	86.2
2013	8	114.9	91.8
2013	9	102.83	54.5
2013	10	132.86	114.4
2013	11	148.78	113.9
2013	12	148.1	124.2
2014	1	162.69	117
2014	2	170.13	146.1
2014	3	150.5	128.7
2014	4	143.94	112.5
2014	5	130.11	112.5
2014	6	122.37	102.9
2014	7	137.9	100.2
2014	8	124.56	106.9
2014	9	146.57	130
2014	10	154.99	90
2014	11	155.74	103.6
2014	12	159.02	112.9
2015	1	142	93
2015	2	128.92	66.7
2015	3	126.89	54.5
2015	4	129.05	75.3
2015	5	120.05	88.8
2015	6	128.54	66.5
2015	7	107	65.8
2015	8	105.93	64.4
2015	9	101.99	78.6
2015	10	104	63.6
2015	11	109.68	62.2
2015	12	112.54	58
2016	1	103.64	57
2016	2	103.71	56.4
2016	3	91.43	54.1
2016	4	93.45	37.9
2016	5	93.36	51.5
2016	6	81.95	20.5
2016	7	86.31	32.4
2016	8	85.15	50.2
2016	9	87.45	44.6
2016	10	86.15	33.4
2016	11	78.58	21.4
2016	12	75.29	18.5
2017	1	77.37	26.1
2017	2	76.95	26.4
2017	3	74.69	17.7
2017	4	80.91	32.3
2017	5	73.6	18.9
2017	6	74.83	19.2
2017	7	77.58	17.8
2017	8	78.25	32.6
2017	9	95.49	43.7
2017	10	76.39	13.2
2017	11	72.28	5.7
2017	12	71.7	8.2
2018	1	70.01	6.8
2018	2	71.63	10.7
2018	3	68.26	2.5
2018	4	69.97	8.9
2018	5	70.95	13.1
2018	6	72.66	15.6
2018	7	69.61	1.6
2018	8	69.05	8.8
2018	9	68.17	3.3
